Pytorch Version:  1.12.1  Device:  cpu
Test Set: Avg. Loss: 0.0006, Accuracy: 9809/10000 (98.09%) 
[[ 969    0    3    0    2    2    3    1    2    3]
 [   0 1129    1    0    0    0    3    4    0    3]
 [   1    1 1009    4    2    0    3    7    2    0]
 [   0    1    5  987    0    5    0    3    2    3]
 [   1    0    3    0  964    2    4    3    3    8]
 [   1    1    0    8    0  872    7    0    3    3]
 [   2    1    1    0    4    4  938    0    1    0]
 [   1    1    5    4    2    1    0 1004    2    4]
 [   3    1    5    4    0    4    0    3  954    2]
 [   2    0    0    3    8    2    0    3    5  983]]
