Pytorch Version:  1.12.1  Device:  cpu
Test Set: Avg. Loss: 0.0005, Accuracy: 9809/10000 (98.09%) 
[[ 968    0    6    0    3    3    4    1    4    2]
 [   0 1126    2    0    0    0    2    5    0    2]
 [   0    2 1012    3    1    0    0    7    4    0]
 [   0    1    4  989    0    5    0    4    3    4]
 [   0    0    2    0  963    1    4    1    3    9]
 [   3    1    0    6    0  877    4    2    5    4]
 [   4    2    0    0    5    2  943    0    2    1]
 [   1    1    2    5    2    0    0 1002    2    2]
 [   3    2    4    4    1    2    1    0  946    2]
 [   1    0    0    3    7    2    0    6    5  983]]
