Pytorch Version:  1.12.1  Device:  cpu
Test Set: Avg. Loss: 0.0005, Accuracy: 9802/10000 (98.02%) 
[[ 969    0    4    0    1    3    4    1    3    3]
 [   0 1127    3    0    0    1    3    7    0    3]
 [   1    2 1011    3    3    0    1    9    3    0]
 [   1    1    2  996    0    7    1    2    5    6]
 [   1    0    2    0  968    1    7    0    3   10]
 [   2    1    0    2    0  868    2    0    3    2]
 [   2    2    1    0    3    5  939    0    5    1]
 [   1    0    5    4    1    1    0 1000    3    4]
 [   2    2    4    3    1    4    1    4  947    3]
 [   1    0    0    2    5    2    0    5    2  977]]
