Pytorch Version:  1.12.1  Device:  cpu
Test Set: Avg. Loss: 0.0006, Accuracy: 9787/10000 (97.87%) 
[[ 968    0    4    0    1    3    4    0    3    3]
 [   0 1124    1    0    0    1    3    9    0    4]
 [   1    3 1008    1    2    0    0    8    2    0]
 [   1    1    1  997    1    5    1    2    6    6]
 [   0    0    2    0  961    1    5    0    4    9]
 [   4    1    0    1    0  870    4    1    2    1]
 [   2    2    2    0    3    5  937    0    5    1]
 [   1    1    6    4    3    1    1 1001    4    7]
 [   2    3    8    5    2    4    3    1  947    4]
 [   1    0    0    2    9    2    0    6    1  974]]
